Date,Open,High,Low,Close,Adj Close,Volume
2016-11-08,56.580002,57.139999,56.110001,57.000000,55.493519,1844400
2016-11-09,56.060001,58.970001,55.720001,58.779999,57.226475,3469100
2016-11-10,58.889999,61.349998,58.830002,59.439999,57.869030,4405600
2016-11-11,59.189999,59.770000,58.820000,59.000000,57.440659,3370100
2016-11-14,58.980000,60.049999,58.910000,59.020000,57.460129,3235600
2016-11-15,59.160000,59.160000,57.459999,58.290001,56.749428,2633700
2016-11-16,58.099998,58.320000,57.029999,57.680000,56.155548,1832700
2016-11-17,58.070000,58.419998,57.810001,58.099998,56.564442,1631400
2016-11-18,58.049999,58.599998,57.520000,58.139999,56.603386,2149800
2016-11-21,58.549999,58.980000,58.320000,58.650002,57.099907,1181600
2016-11-22,58.990002,59.820000,58.810001,59.750000,58.170834,2205000
2016-11-23,59.619999,60.180000,59.419998,59.950001,58.365555,1195000
2016-11-25,60.040001,60.279999,59.730000,60.160000,58.569996,1073100
2016-11-28,60.150002,60.250000,59.470001,59.810001,58.229252,1780200
2016-11-29,59.919998,60.470001,59.580002,59.919998,58.336342,997300
2016-11-30,60.259998,61.139999,60.040001,60.889999,59.280704,2163800
2016-12-01,61.150002,62.349998,60.919998,62.070000,60.429516,2122000
2016-12-02,61.900002,62.080002,59.380001,59.709999,58.131893,3249300
2016-12-05,60.080002,60.730000,59.900002,59.980000,58.394760,1728300
2016-12-06,60.250000,60.369999,59.529999,60.349998,58.754978,1291900
2016-12-07,60.410000,61.750000,60.279999,61.709999,60.079033,2276700
2016-12-08,61.959999,62.080002,60.540001,61.570000,59.942734,1433800
2016-12-09,61.540001,61.540001,60.540001,60.810001,59.202824,1503100
2016-12-12,60.919998,61.320000,60.110001,60.750000,59.144405,1532300
2016-12-13,60.849998,61.119999,59.900002,61.060001,59.446213,2442600
2016-12-14,60.560001,60.980000,59.919998,60.000000,58.750992,2822800
2016-12-15,60.200001,60.610001,59.180000,59.830002,58.584534,3510300
2016-12-16,59.980000,60.020000,58.939999,59.169998,57.938271,3384700
2016-12-19,59.340000,59.580002,57.919998,59.230000,57.997025,1950400
2016-12-20,59.400002,60.330002,59.139999,59.790001,58.545364,2578200
2016-12-21,59.820000,59.959999,59.450001,59.709999,58.467030,2029400
2016-12-22,59.000000,59.240002,56.810001,57.840000,56.635960,2172900
2016-12-23,57.959999,58.250000,57.630001,58.180000,56.968880,1012800
2016-12-27,58.500000,58.590000,57.990002,58.439999,57.223465,695500
2016-12-28,58.540001,58.669998,57.759998,57.910000,56.704498,761200
2016-12-29,58.000000,58.570000,57.919998,58.160000,56.949295,1357700
2016-12-30,58.400002,58.459999,57.970001,58.340000,57.125549,958800
2017-01-03,58.700001,59.630001,58.630001,58.939999,57.713058,1477100
2017-01-04,59.259998,59.750000,58.509998,59.590000,58.349525,1637400
2017-01-05,59.299999,60.000000,59.009998,59.650002,58.408283,1394700
2017-01-06,59.000000,59.580002,57.939999,59.099998,57.869728,1824800
2017-01-09,59.119999,59.189999,57.830002,58.150002,56.939507,3610100
2017-01-10,58.380001,58.799999,58.299999,58.500000,57.282219,1506000
2017-01-11,58.459999,58.619999,57.580002,58.009998,56.802414,1285800
2017-01-12,57.720001,58.959999,57.439999,58.320000,57.105965,1808600
2017-01-13,58.470001,58.939999,58.320000,58.730000,57.507431,1505100
2017-01-17,58.529999,59.389999,58.419998,58.950001,57.722855,1651100
2017-01-18,58.980000,59.419998,58.310001,58.520000,57.301800,1565400
2017-01-19,58.520000,58.689999,57.830002,58.230000,57.017834,1470700
2017-01-20,58.380001,59.790001,57.799999,58.619999,57.399719,2453400
2017-01-23,58.480000,59.369999,58.349998,59.259998,58.026398,2035600
2017-01-24,59.040001,59.930000,59.040001,59.700001,58.457237,1453800
2017-01-25,60.099998,60.180000,59.029999,60.020000,58.770573,1523000
2017-01-26,60.000000,60.910000,59.830002,60.180000,58.927242,1353700
2017-01-27,60.189999,60.200001,58.779999,59.090000,57.859936,1478700
2017-01-30,59.099998,59.099998,57.490002,57.919998,56.714291,2762000
2017-01-31,55.020000,57.189999,54.750000,57.040001,55.852612,6755400
2017-02-01,57.099998,57.619999,55.950001,56.590000,55.411976,4032800
2017-02-02,56.599998,57.169998,56.110001,56.250000,55.079056,2064900
2017-02-03,56.500000,56.810001,56.040001,56.450001,55.274891,2426600
2017-02-06,56.240002,57.540001,56.009998,56.660000,55.480518,1994100
2017-02-07,56.730000,57.240002,56.459999,56.610001,55.431564,3453300
2017-02-08,56.750000,56.860001,56.240002,56.840000,55.656773,1287400
2017-02-09,56.840000,57.279999,56.310001,56.759998,55.578438,1659500
2017-02-10,56.869999,57.480000,56.720001,57.340000,56.146362,1615800
2017-02-13,57.320000,57.480000,56.790001,57.160000,56.328674,1155700
2017-02-14,56.910000,57.860001,56.910000,57.740002,56.900242,995400
2017-02-15,57.470001,57.650002,57.070000,57.310001,56.476494,1581100
2017-02-16,57.340000,57.470001,56.389999,56.419998,55.599434,1845400
2017-02-17,56.410000,56.950001,56.169998,56.930000,56.102020,1068000
2017-02-21,56.900002,57.450001,56.630001,57.130001,56.299110,1456700
2017-02-22,57.049999,57.580002,56.900002,57.549999,56.713001,2482100
2017-02-23,57.900002,57.970001,57.410000,57.680000,56.841110,1789600
2017-02-24,57.340000,57.340000,55.990002,56.560001,55.737400,2307800
2017-02-27,55.889999,57.180000,55.529999,57.020000,56.190712,2183600
2017-02-28,56.990002,57.360001,56.279999,56.380001,55.560020,2568500
2017-03-01,57.540001,58.849998,57.290001,58.400002,57.550640,2471300
2017-03-02,58.090000,58.810001,57.959999,58.639999,57.787151,2314700
2017-03-03,58.650002,58.869999,58.090000,58.820000,57.964531,1397900
2017-03-06,58.450001,58.509998,57.540001,57.580002,56.742569,1660000
2017-03-07,57.500000,57.930000,56.950001,57.779999,56.939655,1719500
2017-03-08,57.830002,58.570000,57.669998,58.529999,57.678745,1701200
2017-03-09,58.500000,58.959999,58.310001,58.750000,57.895550,2425400
2017-03-10,59.340000,61.119999,59.340000,60.049999,59.176643,2884400
2017-03-13,60.160000,60.570000,59.490002,60.509998,59.629951,2717500
2017-03-14,60.360001,60.610001,59.880001,60.099998,59.225914,1332200
2017-03-15,61.939999,63.040001,61.540001,62.939999,62.024609,2768100
2017-03-16,62.860001,63.400002,62.400002,62.470001,61.561447,1606200
2017-03-17,62.450001,62.689999,62.180000,62.250000,61.344646,1473700
2017-03-20,62.270000,62.590000,61.750000,61.849998,60.950462,1611900
2017-03-21,62.040001,62.360001,60.540001,60.570000,59.689079,1336100
2017-03-22,60.610001,60.700001,59.849998,60.529999,59.649658,1603500
2017-03-23,60.549999,60.910000,60.320000,60.529999,59.649658,891100
2017-03-24,60.799999,60.810001,59.900002,60.200001,59.324463,761700
2017-03-27,60.049999,60.330002,59.610001,60.180000,59.304752,1059900
2017-03-28,60.080002,60.980000,60.080002,60.689999,59.807331,880700
2017-03-29,60.639999,60.820000,60.330002,60.599998,59.718643,537500
2017-03-30,60.450001,61.049999,60.180000,61.009998,60.122681,1044500
2017-03-31,60.970001,61.200001,60.450001,60.500000,59.620098,2951500
2017-04-03,61.070000,61.849998,60.700001,61.480000,60.585846,2236900
2017-04-04,61.160000,61.549999,60.910000,60.990002,60.102974,1661900
2017-04-05,61.259998,61.480000,59.990002,60.020000,59.147079,1544100
2017-04-06,60.279999,60.980000,60.000000,60.840000,59.955151,1630200
2017-04-07,60.570000,61.299999,60.459999,60.910000,60.024136,1546600
2017-04-10,60.939999,62.950001,60.930000,61.840000,60.940609,4141800
2017-04-11,61.880001,62.119999,61.660000,62.049999,61.147556,1985600
2017-04-12,62.590000,62.590000,60.840000,61.049999,60.162098,3272500
2017-04-13,60.869999,60.869999,59.369999,59.700001,58.831734,4346300
2017-04-17,60.110001,60.180000,59.270000,59.400002,58.536095,5002100
2017-04-18,56.840000,58.500000,56.369999,56.910000,56.082310,8263600
2017-04-19,57.040001,57.070000,56.139999,56.410000,55.589581,3760400
2017-04-20,56.740002,56.779999,56.169998,56.470001,55.648712,2733400
2017-04-21,56.310001,56.439999,55.680000,55.810001,54.998310,2908400
2017-04-24,56.490002,56.970001,56.119999,56.320000,55.500893,3268400
2017-04-25,56.570000,57.270000,56.470001,57.209999,56.377949,2773500
2017-04-26,57.220001,58.209999,57.009998,57.880001,57.038204,2155700
2017-04-27,57.790001,58.349998,57.720001,58.029999,57.186020,2026500
2017-04-28,57.990002,58.060001,56.560001,56.810001,55.983768,2654300
2017-05-01,57.389999,57.639999,56.080002,56.389999,55.569874,2170900
2017-05-02,56.500000,56.529999,55.889999,56.110001,55.293945,1508700
2017-05-03,55.959999,56.080002,55.090000,55.560001,54.751945,1961000
2017-05-04,55.830002,55.869999,55.450001,55.619999,54.811069,1530900
2017-05-05,55.700001,56.220001,55.439999,56.189999,55.372780,1729700
2017-05-08,56.250000,56.389999,55.209999,55.540001,54.732235,1910100
2017-05-09,55.549999,56.450001,55.500000,56.220001,55.402348,2081000
2017-05-10,56.049999,56.919998,55.820000,56.750000,55.924637,1316800
2017-05-11,56.560001,56.570000,55.439999,55.540001,54.732235,1471200
2017-05-12,55.279999,55.540001,55.009998,55.209999,54.407036,987600
2017-05-15,55.270000,55.490002,53.630001,54.040001,53.254051,3241200
2017-05-16,54.029999,54.160000,53.750000,54.110001,53.323036,1366800
2017-05-17,54.110001,54.110001,52.830002,52.990002,52.219322,1934600
2017-05-18,52.799999,52.970001,52.230000,52.759998,51.992664,2146200
2017-05-19,52.799999,53.139999,52.389999,52.619999,51.854702,2321000
2017-05-22,52.910000,53.490002,52.720001,52.950001,52.179905,2738400
2017-05-23,52.869999,53.139999,52.590000,52.840000,52.432938,1382600
2017-05-24,52.900002,53.110001,51.959999,52.000000,51.599411,2244400
2017-05-25,52.150002,52.490002,51.630001,51.860001,51.460487,3923500
2017-05-26,51.799999,52.599998,51.630001,52.320000,51.916943,1797200
2017-05-30,52.290001,53.090000,52.119999,53.009998,52.601627,1507700
2017-05-31,53.029999,53.060001,52.610001,53.009998,52.601627,1466500
2017-06-01,53.380001,53.970001,53.119999,53.310001,52.899319,1450500
2017-06-02,53.180000,53.650002,52.900002,53.240002,52.829857,988300
2017-06-05,53.139999,53.720001,53.080002,53.430000,53.018394,1188000
2017-06-06,52.980000,52.980000,51.799999,52.070000,51.668869,1802500
2017-06-07,52.299999,52.340000,51.970001,52.130001,51.728409,1492600
2017-06-08,52.130001,53.450001,51.610001,52.849998,52.442860,1722400
2017-06-09,52.849998,53.310001,52.720001,53.279999,52.869549,1558700
2017-06-12,53.360001,54.090000,53.110001,53.230000,52.819935,1479700
2017-06-13,53.299999,53.730000,53.150002,53.689999,53.276390,823800
2017-06-14,53.509998,53.570000,52.910000,53.340000,52.929089,1480900
2017-06-15,53.000000,55.080002,52.759998,54.889999,54.467144,3495000
2017-06-16,55.130001,56.090000,54.639999,55.490002,55.062527,3805100
2017-06-19,55.549999,55.860001,54.880001,55.450001,55.022831,1517000
2017-06-20,55.570000,56.119999,55.439999,55.509998,55.082367,1327700
2017-06-21,55.549999,56.570000,55.490002,55.959999,55.528904,4286400
2017-06-22,55.880001,56.950001,55.820000,56.230000,55.796822,2413500
2017-06-23,55.869999,55.970001,54.889999,55.540001,55.112141,3367900
2017-06-26,55.750000,56.549999,54.090000,55.099998,54.675526,3508800
2017-06-27,55.020000,55.240002,54.490002,54.509998,54.090073,1491000
2017-06-28,54.849998,55.610001,54.680000,54.709999,54.288532,1790300
2017-06-29,54.849998,54.980000,53.630001,54.080002,53.663387,2203000
2017-06-30,54.290001,54.759998,54.000000,54.020000,53.603848,2439700
2017-07-03,54.090000,55.790001,54.090000,54.830002,54.407612,1697500
2017-07-05,54.770000,54.930000,53.930000,53.930000,53.514542,2153600
2017-07-06,53.900002,54.000000,52.770000,52.840000,52.432938,1875400
2017-07-07,52.950001,53.130001,52.459999,52.500000,52.095558,1791100
2017-07-10,52.450001,52.950001,52.320000,52.490002,52.085636,1874800
2017-07-11,52.549999,52.599998,51.759998,51.990002,51.589489,2233000
2017-07-12,50.689999,51.610001,49.980000,50.349998,49.962120,5880400
2017-07-13,50.360001,51.439999,50.360001,51.419998,51.023876,3305500
2017-07-14,51.400002,51.950001,51.110001,51.619999,51.222336,2104800
2017-07-17,51.650002,52.310001,51.639999,52.000000,51.599411,3222900
2017-07-18,46.740002,49.389999,46.000000,48.950001,48.572906,21066400
2017-07-19,48.720001,49.189999,47.669998,48.770000,48.394295,7381500
2017-07-20,48.830002,49.689999,48.590000,48.770000,48.394295,4516300
2017-07-21,48.650002,48.980000,48.110001,48.259998,47.888218,2747900
2017-07-24,48.200001,48.900002,48.119999,48.480000,48.106525,2915400
2017-07-25,48.720001,48.880001,47.950001,48.139999,47.769146,2843400
2017-07-26,48.160000,48.720001,47.970001,48.639999,48.265293,3353400
2017-07-27,48.630001,50.880001,48.049999,50.259998,49.872814,5183600
2017-07-28,50.090000,50.110001,48.509998,48.860001,48.483601,2355000
2017-07-31,48.970001,49.070000,48.290001,48.669998,48.295059,1789100
2017-08-01,48.759998,49.040001,48.480000,48.860001,48.483601,1656100
2017-08-02,48.799999,48.799999,47.720001,47.799999,47.431763,2701800
2017-08-03,47.830002,48.200001,47.549999,47.990002,47.620304,2519100
2017-08-04,48.180000,48.419998,47.580002,48.340000,47.967606,1584500
2017-08-07,48.349998,48.490002,47.820000,48.060001,47.689762,1853700
2017-08-08,47.910000,48.169998,47.610001,47.810001,47.441689,1208000
2017-08-09,47.650002,48.099998,47.189999,47.799999,47.431763,1636400
2017-08-10,47.439999,47.669998,47.119999,47.320000,46.955463,3173400
2017-08-11,47.310001,47.560001,47.080002,47.540001,47.173767,1923600
2017-08-14,47.820000,48.119999,47.610001,47.900002,47.530994,1404400
2017-08-15,47.950001,48.000000,47.639999,47.680000,47.312691,821100
2017-08-16,47.910000,48.180000,47.480000,47.549999,47.183689,1413000
2017-08-17,47.490002,47.980000,47.049999,47.099998,46.737156,1315800
2017-08-18,47.000000,47.180000,46.209999,46.880001,46.518852,2286900
2017-08-21,46.880001,47.320000,46.590000,47.220001,46.856236,1710500
2017-08-22,47.500000,48.119999,47.299999,47.970001,47.600456,1532800
2017-08-23,47.700001,47.790001,46.689999,46.849998,46.489082,2048300
2017-08-24,46.970001,47.750000,46.970001,47.200001,46.836388,1573100
2017-08-25,47.360001,48.009998,47.310001,47.720001,47.352383,2382800
2017-08-28,47.759998,47.939999,46.970001,47.060001,46.697468,1590900
2017-08-29,46.799999,47.099998,46.599998,47.070000,46.707390,1214300
2017-08-30,47.060001,47.330002,46.880001,47.189999,46.826462,1151000
2017-08-31,47.330002,47.509998,46.869999,47.009998,46.647850,1860400
2017-09-01,47.250000,47.619999,47.209999,47.369999,47.005077,1222200
2017-09-05,47.119999,47.119999,45.529999,45.930000,45.576172,3026300
2017-09-06,46.049999,46.810001,45.570000,46.650002,46.290627,2621800
2017-09-07,46.720001,47.000000,46.200001,46.950001,46.588314,1995700
2017-09-08,47.000000,47.450001,46.459999,47.380001,47.015003,1131800
2017-09-11,47.259998,47.650002,47.220001,47.570000,47.570000,1408700
2017-09-12,47.610001,47.740002,46.820000,47.520000,47.520000,1108700
2017-09-13,47.349998,48.000000,47.110001,47.959999,47.959999,1402200
2017-09-14,47.900002,49.090000,47.799999,48.910000,48.910000,2057700
2017-09-15,48.720001,48.720001,46.980000,48.009998,48.009998,3557800
2017-09-18,48.060001,48.630001,48.029999,48.560001,48.560001,1213300
2017-09-19,48.619999,48.750000,48.060001,48.139999,48.139999,1066800
2017-09-20,48.470001,48.540001,48.060001,48.349998,48.349998,958200
2017-09-21,48.290001,48.669998,47.950001,47.959999,47.959999,1053200
2017-09-22,47.970001,48.439999,47.889999,48.240002,48.240002,1030900
2017-09-25,48.259998,49.139999,48.220001,48.950001,48.950001,1326800
2017-09-26,48.959999,49.750000,48.849998,49.590000,49.590000,1129300
2017-09-27,49.700001,50.279999,49.259998,49.299999,49.299999,1328500
2017-09-28,49.070000,49.480000,48.869999,49.150002,49.150002,1237000
2017-09-29,48.930000,49.040001,48.160000,48.209999,48.209999,1604500
2017-10-02,48.200001,48.590000,47.860001,48.549999,48.549999,1197900
2017-10-03,48.750000,48.990002,48.529999,48.950001,48.950001,646900
2017-10-04,49.000000,49.119999,48.660000,48.779999,48.779999,824900
2017-10-05,48.810001,48.950001,46.509998,46.849998,46.849998,3846900
2017-10-06,46.619999,47.009998,45.759998,46.209999,46.209999,2675600
2017-10-09,46.299999,46.580002,45.599998,45.779999,45.779999,1624500
2017-10-10,45.740002,46.410000,45.730000,46.320000,46.320000,1631800
2017-10-11,46.290001,46.500000,45.610001,46.270000,46.270000,1877900
2017-10-12,46.270000,46.730000,45.939999,46.459999,46.459999,1878900
2017-10-13,46.419998,46.720001,45.590000,46.619999,46.619999,2703800
2017-10-16,46.520000,46.919998,46.209999,46.570000,46.570000,3887500
2017-10-17,45.750000,48.570000,45.250000,47.520000,47.520000,13981300
2017-10-18,47.799999,48.459999,47.540001,48.020000,48.020000,3866400
2017-10-19,48.000000,48.250000,47.480000,48.090000,48.090000,1965300
2017-10-20,48.709999,49.560001,48.500000,49.500000,49.500000,2897900
2017-10-23,49.650002,49.709999,48.400002,48.509998,48.509998,2176100
2017-10-24,48.740002,49.520000,48.570000,49.470001,49.470001,1684100
2017-10-25,49.139999,49.369999,48.189999,48.889999,48.889999,3277000
2017-10-26,49.060001,49.099998,48.570000,48.799999,48.799999,1186900
2017-10-27,48.779999,48.779999,47.720001,47.840000,47.840000,1542200
2017-10-30,47.529999,47.840000,47.000000,47.200001,47.200001,1870800
2017-10-31,47.200001,47.389999,46.529999,47.340000,47.340000,2035100
2017-11-01,47.509998,48.119999,47.509998,47.799999,47.799999,877500
2017-11-02,47.599998,48.430000,47.169998,48.320000,48.320000,1544800
2017-11-03,48.220001,48.250000,46.900002,47.040001,47.040001,1937300
2017-11-06,47.000000,47.049999,44.990002,45.150002,45.150002,3222300
2017-11-07,45.169998,45.380001,44.540001,44.779999,44.779999,1931400
2017-11-08,44.730000,45.520000,44.520000,45.509998,45.509998,1876200
